--------LAP-----------
Profit: [91.0, 72.0, 90.0, 46.0, 55.0, 8.0, 35.0, 75.0, 61.0, 15.0, 77.0, 40.0, 63.0, 75.0, 29.0, 75.0, 17.0, 78.0, 40.0, 44.0]
Weight: [84.0, 83.0, 43.0, 4.0, 44.0, 6.0, 82.0, 92.0, 25.0, 83.0, 56.0, 18.0, 58.0, 14.0, 48.0, 70.0, 96.0, 32.0, 68.0, 92.0]
P/W: [1.0833333333333333, 0.8674698795180723, 2.0930232558139537, 11.5, 1.25, 1.3333333333333333, 0.4268292682926829, 0.8152173913043478, 2.44, 0.18072289156626506, 1.375, 2.2222222222222223, 1.0862068965517242, 5.357142857142857, 0.6041666666666666, 1.0714285714285714, 0.17708333333333334, 2.4375, 0.5882352941176471, 0.4782608695652174]
Item selected:
Profit Item: [46.0]
Weight Item: [4.0]
capacity: = 875.0
profitTotal: 46.0
weightTotal: 4.0
------------------------
--------LAP-----------
Profit: [91.0, 72.0, 90.0, 55.0, 8.0, 35.0, 75.0, 61.0, 15.0, 77.0, 40.0, 63.0, 75.0, 29.0, 75.0, 17.0, 78.0, 40.0, 44.0]
Weight: [84.0, 83.0, 43.0, 44.0, 6.0, 82.0, 92.0, 25.0, 83.0, 56.0, 18.0, 58.0, 14.0, 48.0, 70.0, 96.0, 32.0, 68.0, 92.0]
P/W: [1.0833333333333333, 0.8674698795180723, 2.0930232558139537, 1.25, 1.3333333333333333, 0.4268292682926829, 0.8152173913043478, 2.44, 0.18072289156626506, 1.375, 2.2222222222222223, 1.0862068965517242, 5.357142857142857, 0.6041666666666666, 1.0714285714285714, 0.17708333333333334, 2.4375, 0.5882352941176471, 0.4782608695652174]
Item selected:
Profit Item: [75.0]
Weight Item: [14.0]
capacity: = 861.0
profitTotal: 121.0
weightTotal: 18.0
------------------------
--------LAP-----------
Profit: [91.0, 72.0, 90.0, 55.0, 8.0, 35.0, 75.0, 61.0, 15.0, 77.0, 40.0, 63.0, 29.0, 75.0, 17.0, 78.0, 40.0, 44.0]
Weight: [84.0, 83.0, 43.0, 44.0, 6.0, 82.0, 92.0, 25.0, 83.0, 56.0, 18.0, 58.0, 48.0, 70.0, 96.0, 32.0, 68.0, 92.0]
P/W: [1.0833333333333333, 0.8674698795180723, 2.0930232558139537, 1.25, 1.3333333333333333, 0.4268292682926829, 0.8152173913043478, 2.44, 0.18072289156626506, 1.375, 2.2222222222222223, 1.0862068965517242, 0.6041666666666666, 1.0714285714285714, 0.17708333333333334, 2.4375, 0.5882352941176471, 0.4782608695652174]
Item selected:
Profit Item: [61.0]
Weight Item: [25.0]
capacity: = 836.0
profitTotal: 182.0
weightTotal: 43.0
------------------------
--------LAP-----------
Profit: [91.0, 72.0, 90.0, 55.0, 8.0, 35.0, 75.0, 15.0, 77.0, 40.0, 63.0, 29.0, 75.0, 17.0, 78.0, 40.0, 44.0]
Weight: [84.0, 83.0, 43.0, 44.0, 6.0, 82.0, 92.0, 83.0, 56.0, 18.0, 58.0, 48.0, 70.0, 96.0, 32.0, 68.0, 92.0]
P/W: [1.0833333333333333, 0.8674698795180723, 2.0930232558139537, 1.25, 1.3333333333333333, 0.4268292682926829, 0.8152173913043478, 0.18072289156626506, 1.375, 2.2222222222222223, 1.0862068965517242, 0.6041666666666666, 1.0714285714285714, 0.17708333333333334, 2.4375, 0.5882352941176471, 0.4782608695652174]
Item selected:
Profit Item: [78.0]
Weight Item: [32.0]
capacity: = 804.0
profitTotal: 260.0
weightTotal: 75.0
------------------------
--------LAP-----------
Profit: [91.0, 72.0, 90.0, 55.0, 8.0, 35.0, 75.0, 15.0, 77.0, 40.0, 63.0, 29.0, 75.0, 17.0, 40.0, 44.0]
Weight: [84.0, 83.0, 43.0, 44.0, 6.0, 82.0, 92.0, 83.0, 56.0, 18.0, 58.0, 48.0, 70.0, 96.0, 68.0, 92.0]
P/W: [1.0833333333333333, 0.8674698795180723, 2.0930232558139537, 1.25, 1.3333333333333333, 0.4268292682926829, 0.8152173913043478, 0.18072289156626506, 1.375, 2.2222222222222223, 1.0862068965517242, 0.6041666666666666, 1.0714285714285714, 0.17708333333333334, 0.5882352941176471, 0.4782608695652174]
Item selected:
Profit Item: [40.0]
Weight Item: [18.0]
capacity: = 786.0
profitTotal: 300.0
weightTotal: 93.0
------------------------
--------LAP-----------
Profit: [91.0, 72.0, 90.0, 55.0, 8.0, 35.0, 75.0, 15.0, 77.0, 63.0, 29.0, 75.0, 17.0, 40.0, 44.0]
Weight: [84.0, 83.0, 43.0, 44.0, 6.0, 82.0, 92.0, 83.0, 56.0, 58.0, 48.0, 70.0, 96.0, 68.0, 92.0]
P/W: [1.0833333333333333, 0.8674698795180723, 2.0930232558139537, 1.25, 1.3333333333333333, 0.4268292682926829, 0.8152173913043478, 0.18072289156626506, 1.375, 1.0862068965517242, 0.6041666666666666, 1.0714285714285714, 0.17708333333333334, 0.5882352941176471, 0.4782608695652174]
Item selected:
Profit Item: [90.0]
Weight Item: [43.0]
capacity: = 743.0
profitTotal: 390.0
weightTotal: 136.0
------------------------
--------LAP-----------
Profit: [91.0, 72.0, 55.0, 8.0, 35.0, 75.0, 15.0, 77.0, 63.0, 29.0, 75.0, 17.0, 40.0, 44.0]
Weight: [84.0, 83.0, 44.0, 6.0, 82.0, 92.0, 83.0, 56.0, 58.0, 48.0, 70.0, 96.0, 68.0, 92.0]
P/W: [1.0833333333333333, 0.8674698795180723, 1.25, 1.3333333333333333, 0.4268292682926829, 0.8152173913043478, 0.18072289156626506, 1.375, 1.0862068965517242, 0.6041666666666666, 1.0714285714285714, 0.17708333333333334, 0.5882352941176471, 0.4782608695652174]
Item selected:
Profit Item: [77.0]
Weight Item: [56.0]
capacity: = 687.0
profitTotal: 467.0
weightTotal: 192.0
------------------------
--------LAP-----------
Profit: [91.0, 72.0, 55.0, 8.0, 35.0, 75.0, 15.0, 63.0, 29.0, 75.0, 17.0, 40.0, 44.0]
Weight: [84.0, 83.0, 44.0, 6.0, 82.0, 92.0, 83.0, 58.0, 48.0, 70.0, 96.0, 68.0, 92.0]
P/W: [1.0833333333333333, 0.8674698795180723, 1.25, 1.3333333333333333, 0.4268292682926829, 0.8152173913043478, 0.18072289156626506, 1.0862068965517242, 0.6041666666666666, 1.0714285714285714, 0.17708333333333334, 0.5882352941176471, 0.4782608695652174]
Item selected:
Profit Item: [8.0]
Weight Item: [6.0]
capacity: = 681.0
profitTotal: 475.0
weightTotal: 198.0
------------------------
--------LAP-----------
Profit: [91.0, 72.0, 55.0, 35.0, 75.0, 15.0, 63.0, 29.0, 75.0, 17.0, 40.0, 44.0]
Weight: [84.0, 83.0, 44.0, 82.0, 92.0, 83.0, 58.0, 48.0, 70.0, 96.0, 68.0, 92.0]
P/W: [1.0833333333333333, 0.8674698795180723, 1.25, 0.4268292682926829, 0.8152173913043478, 0.18072289156626506, 1.0862068965517242, 0.6041666666666666, 1.0714285714285714, 0.17708333333333334, 0.5882352941176471, 0.4782608695652174]
Item selected:
Profit Item: [55.0]
Weight Item: [44.0]
capacity: = 637.0
profitTotal: 530.0
weightTotal: 242.0
------------------------
--------LAP-----------
Profit: [91.0, 72.0, 35.0, 75.0, 15.0, 63.0, 29.0, 75.0, 17.0, 40.0, 44.0]
Weight: [84.0, 83.0, 82.0, 92.0, 83.0, 58.0, 48.0, 70.0, 96.0, 68.0, 92.0]
P/W: [1.0833333333333333, 0.8674698795180723, 0.4268292682926829, 0.8152173913043478, 0.18072289156626506, 1.0862068965517242, 0.6041666666666666, 1.0714285714285714, 0.17708333333333334, 0.5882352941176471, 0.4782608695652174]
Item selected:
Profit Item: [63.0]
Weight Item: [58.0]
capacity: = 579.0
profitTotal: 593.0
weightTotal: 300.0
------------------------
--------LAP-----------
Profit: [91.0, 72.0, 35.0, 75.0, 15.0, 29.0, 75.0, 17.0, 40.0, 44.0]
Weight: [84.0, 83.0, 82.0, 92.0, 83.0, 48.0, 70.0, 96.0, 68.0, 92.0]
P/W: [1.0833333333333333, 0.8674698795180723, 0.4268292682926829, 0.8152173913043478, 0.18072289156626506, 0.6041666666666666, 1.0714285714285714, 0.17708333333333334, 0.5882352941176471, 0.4782608695652174]
Item selected:
Profit Item: [91.0]
Weight Item: [84.0]
capacity: = 495.0
profitTotal: 684.0
weightTotal: 384.0
------------------------
--------LAP-----------
Profit: [72.0, 35.0, 75.0, 15.0, 29.0, 75.0, 17.0, 40.0, 44.0]
Weight: [83.0, 82.0, 92.0, 83.0, 48.0, 70.0, 96.0, 68.0, 92.0]
P/W: [0.8674698795180723, 0.4268292682926829, 0.8152173913043478, 0.18072289156626506, 0.6041666666666666, 1.0714285714285714, 0.17708333333333334, 0.5882352941176471, 0.4782608695652174]
Item selected:
Profit Item: [75.0]
Weight Item: [70.0]
capacity: = 425.0
profitTotal: 759.0
weightTotal: 454.0
------------------------
--------LAP-----------
Profit: [72.0, 35.0, 75.0, 15.0, 29.0, 17.0, 40.0, 44.0]
Weight: [83.0, 82.0, 92.0, 83.0, 48.0, 96.0, 68.0, 92.0]
P/W: [0.8674698795180723, 0.4268292682926829, 0.8152173913043478, 0.18072289156626506, 0.6041666666666666, 0.17708333333333334, 0.5882352941176471, 0.4782608695652174]
Item selected:
Profit Item: [72.0]
Weight Item: [83.0]
capacity: = 342.0
profitTotal: 831.0
weightTotal: 537.0
------------------------
--------LAP-----------
Profit: [35.0, 75.0, 15.0, 29.0, 17.0, 40.0, 44.0]
Weight: [82.0, 92.0, 83.0, 48.0, 96.0, 68.0, 92.0]
P/W: [0.4268292682926829, 0.8152173913043478, 0.18072289156626506, 0.6041666666666666, 0.17708333333333334, 0.5882352941176471, 0.4782608695652174]
Item selected:
Profit Item: [75.0]
Weight Item: [92.0]
capacity: = 250.0
profitTotal: 906.0
weightTotal: 629.0
------------------------
--------LAP-----------
Profit: [35.0, 15.0, 29.0, 17.0, 40.0, 44.0]
Weight: [82.0, 83.0, 48.0, 96.0, 68.0, 92.0]
P/W: [0.4268292682926829, 0.18072289156626506, 0.6041666666666666, 0.17708333333333334, 0.5882352941176471, 0.4782608695652174]
Item selected:
Profit Item: [29.0]
Weight Item: [48.0]
capacity: = 202.0
profitTotal: 935.0
weightTotal: 677.0
------------------------
--------LAP-----------
Profit: [35.0, 15.0, 17.0, 40.0, 44.0]
Weight: [82.0, 83.0, 96.0, 68.0, 92.0]
P/W: [0.4268292682926829, 0.18072289156626506, 0.17708333333333334, 0.5882352941176471, 0.4782608695652174]
Item selected:
Profit Item: [40.0]
Weight Item: [68.0]
capacity: = 134.0
profitTotal: 975.0
weightTotal: 745.0
------------------------
--------LAP-----------
Profit: [35.0, 15.0, 17.0, 44.0]
Weight: [82.0, 83.0, 96.0, 92.0]
P/W: [0.4268292682926829, 0.18072289156626506, 0.17708333333333334, 0.4782608695652174]
Item selected:
Profit Item: [44.0]
Weight Item: [92.0]
capacity: = 42.0
profitTotal: 1019.0
weightTotal: 837.0
------------------------
--------Final Result-----------
profitTotal: 1019.0
weightTotal: 837.0
finalCapacity: 42.0
Items to carry with:
Profit: [46.0, 75.0, 61.0, 78.0, 40.0, 90.0, 77.0, 8.0, 55.0, 63.0, 91.0, 75.0, 72.0, 75.0, 29.0, 40.0, 44.0]
Weight: [4.0, 14.0, 25.0, 32.0, 18.0, 43.0, 56.0, 6.0, 44.0, 58.0, 84.0, 70.0, 83.0, 92.0, 48.0, 68.0, 92.0]
